0 0.610267 0.590664 0.068881 0.059918
0 0.578202 0.482211 0.0636189 0.0598421
0 0.148412 0.623413 0.0557263 0.0580912
0 0.767264 0.743216 0.0652581 0.063378
0 0.751689 0.314251 0.0637336 0.0662062
0 0.375644 0.546602 0.0550216 0.0570717
0 0.666127 0.729706 0.0521166 0.0593031
0 0.23035 0.869055 0.0673052 0.0627937
0 0.448567 0.504453 0.0536946 0.0517243
0 0.543686 0.15577 0.0679703 0.068063
0 0.349409 0.709305 0.0603996 0.0773541
0 0.309644 0.700942 0.0600192 0.0578331
0 0.329448 0.708819 0.101304 0.0771769
0 0.338752 0.311093 0.0429042 0.0516237
0 0.31359 0.309833 0.0941614 0.0666592
